[100,20,230,40] "Arc File"
[260,20,330,40] "Edit"
[350,20,440,50] "View"
[450,20,560,50] "Spaces"
[580,20,660,50] "Tabs"
[680,20,780,40] "Archive"
[810,20,960,50] "Extensions"
[990,20,1090,50] "Window"
[240,150,300,180] "="
[350,140,700,180] "ENG-SCI 94 > People"
[1120,20,1190,50] "Help"
[2300,10,2610,50] "US · a"
[2730,20,2990,50] "Fri Apr 14 10:36 AM"
[250,290,430,310] "2022-2023 Spring"
[2820,300,2840,340] ":"
[50,360,150,390] "Account"
[30,480,170,510] "Dashboard"
[240,360,330,390] "Home"
[240,440,470,470] "Announcements"
[240,510,350,540] "Syllabus"
[640,450,920,480] "Everyone Groups"
[640,550,1200,590] "Q Search people All Roles"
[50,600,150,630] "Courses"
[70,670,130,700] "BB"
[60,720,140,750] "Groups"
[240,580,420,620] "Assignments"
[240,660,340,690] "Grades"
[510,660,530,680] "2"
[240,730,330,760] "Pages"
[1480,560,1500,570] "V"
[220,790,340,840] "| People"
[1730,800,1750,840] "12"
[40,840,160,870] "Calendar"
[240,880,310,910] "Files"
[100,900,140,930] ".36"
[60,970,140,1000] "Inbox"
[50,1100,150,1130] "History"
[70,1220,130,1250] "Help"
[70,1870,130,1910] "K"
[240,950,470,980] "Library Reserves"
[240,1020,510,1100] "Academic Integrity Policy"
[240,1140,510,1170] "Support Resources"
[240,1210,450,1290] "Name Pronunciations"
