[100,20,230,40] "Arc File"
[260,20,330,40] "Edit"
[350,20,440,50] "View"
[450,20,570,50] "Spaces"
[580,10,650,50] "Tabs"
[680,20,790,50] "Archive"
[810,20,960,50] "Extensions"
[990,20,1090,50] "Window"
[1120,20,1190,50] "Help"
[2300,20,2340,40] "US"
[2730,20,2990,50] "Fri Apr 14 10:37 AM"
[3000,100,3010,130] "..."
[2480,230,2670,260] "CALENDARS"
[70,180,130,210] "TAS"
[50,360,150,390] "Account"
[30,480,170,510] "Dashboard"
[50,600,150,630] "Courses"
[70,670,130,700] "BB"
[60,720,140,750] "Groups"
[50,840,160,870] "Calendar"
[70,970,140,1000] "Inbox"
[50,1090,140,1130] "History"
[70,1220,130,1250] "Help"
[2470,570,2650,600] "` UNDATED"
[2500,720,2750,750] "3] Calendar Feed"
[50,1880,560,1910] "Waiting for d1mybsg2h91vjj.cloudfront.net ..."
