[100,20,150,40] "Arc"
[160,20,230,40] "File"
[260,20,330,40] "Edit"
[350,20,420,50] "View"
[450,20,560,50] "Spaces"
[580,20,660,50] "Tabs"
[680,20,950,50] "Archive Extensions"
[990,20,1090,50] "Window"
[1120,20,1190,50] "Help"
[50,360,150,390] "Account"
[30,480,170,510] "Dashboard"
[50,600,150,630] "Courses"
[60,670,140,750] "BB Groups"
[40,840,150,870] "Calendar"
[80,910,110,930] "E"
[100,900,130,920] "1 36"
[70,970,140,1000] "Inbox"
[50,1100,150,1130] "History"
[80,1160,110,1210] "(2)"
[70,1220,130,1250] "Help"
[70,1870,130,1910] "K"
[2300,20,2340,40] "US"
[230,140,350,250] "Today"
[450,140,640,250] "Apr 9"
[640,140,920,250] "- 15, 2023"
[1850,140,1980,250] "Week"
[1980,140,2110,250] "Month"
[2110,140,2280,250] "Agenda"
[450,250,640,370] "9"
[640,250,920,370] "10"
[920,250,1200,370] "11"
[1200,250,1490,370] "12"
[1490,250,1780,370] "13"
[1850,250,1980,370] "14"
[2110,250,2280,370] "15"
[450,370,640,450] "SUN"
[640,370,920,450] "MON"
[920,370,1200,450] "TUE"
[1200,370,1490,450] "WED"
[1490,370,1780,440] "THU"
[1850,370,1980,440] "FRI"
[2110,370,2280,450] "SAT"
[230,450,350,540] "all-day"
[230,550,350,640] "7am"
[230,640,350,840] "8am 9am"
[920,620,1200,830] "8:00 - 9:30 Instructor OH"
[1490,620,1780,830] "8:00 - 9:30 Instructor OH"
[230,840,350,940] "10am"
[1200,830,1490,930] "10:00 - 11:00"
[1780,830,1850,930] "10:00"
[1850,830,1980,930] "- 11:00"
[230,940,350,1060] "11am"
[1200,930,1490,1060] "Instructor OH"
[1850,930,1980,1060] "Instructor OH"
[230,1070,350,1170] "12pm"
[230,1170,350,1280] "1pm"
[230,1280,350,1380] "2pm"
[230,1380,350,1520] "3pm"
[920,1380,1200,1520] "3:00 - 5:00 3:00 - 5:00 NEURO 1 NEUROBI"
[230,1520,350,1600] "4pm"
[230,1600,350,1720] "5pm"
[230,1730,350,1840] "6pm"
[2730,20,2990,50] "Fri Apr 14 10:37 AM"
[3000,100,3010,130] "..."
[2470,140,2950,230] "V April 2023"
[2470,230,2550,290] "26"
[2550,230,2600,290] "2"
[2600,230,2660,290] "28"
[2660,230,2720,290] "29"
[2720,230,2780,290] "30"
[2780,230,2850,290] "31"
[2850,230,2910,290] "1"
[2470,290,2550,340] "2"
[2550,290,2600,340] "3"
[2600,290,2660,340] "4"
[2660,290,2720,340] "5"
[2720,290,2780,340] "6"
[2780,290,2850,340] "7"
[2850,290,2910,340] "8"
[2470,340,2550,390] "9"
[2550,340,2600,390] "LC"
[2600,340,2660,390] "11"
[2660,340,2720,390] "12"
[2720,340,2790,390] "13"
[2780,340,2850,390] "14"
[2850,340,2910,390] "15"
[2470,390,2550,430] "16"
[2550,390,2610,430] "17"
[2600,390,2660,430] "18"
[2660,390,2720,430] "19"
[2720,390,2790,430] "20"
[2790,390,2850,430] "21"
[2850,390,2910,430] "22"
[2470,430,2550,480] "23"
[2550,430,2610,480] "24"
[2610,430,2660,480] "25"
[2660,430,2720,480] "26"
[2720,430,2790,480] "27"
[2790,430,2850,480] "28"
[2850,430,2910,480] "29"
[2470,480,2550,520] "30"
[2550,480,2610,520] "1"
[2610,480,2660,520] "|2"
[2660,480,2720,520] "|3"
[2720,480,2790,520] "11 4"
[2790,480,2850,520] "|| 5"
[2850,480,2950,520] "| 6"
[2480,610,2680,640] "CALENDARS"
[2530,680,2890,710] "AnhPhu Nguyen ..."
[2530,730,2810,760] "COMPSCI 181: Machine"
[2480,780,2580,810] "Learning"
[2880,770,2890,810] ":"
[2530,830,2890,860] "ENG-SCI 94: Entrepreneurship"
[2480,880,2820,900] "and Innovation: Practical and"
[2480,920,2690,950] "Academic Insights"
[2880,910,2890,950] "..."
[2530,970,2880,1000] "GENED 1064: Brains, Identity,"
[2480,1020,2690,1040] "and Moral Agency"
[2880,1010,2890,1050] "..."
[2530,1070,2850,1100] "NEURO 140: Biological and"
[2480,1110,2720,1140] "Artificial Intelligence"
[2880,1100,2890,1190] "......"
[2530,1160,2840,1190] "SEAS Active Learning Labs"
[2530,1210,2800,1240] "COMPSCI 20: Discrete"
[2480,1350,2650,1380] "UNDATED"
[2510,1490,2760,1540] "3 Calendar Feed"
