[340,20,430,50] "View"
[450,20,560,50] "Spaces"
[100,20,330,50] "Arc File Edit"
[580,20,660,50] "Tabs"
[680,20,950,50] "Archive Extensions"
[990,20,1090,50] "Window"
[1120,20,1190,50] "Help"
[1330,130,1650,240] "MARKETS INSIDER"
[390,170,590,210] "INSIDER"
[880,330,990,350] "Markets"
[1020,330,1120,350] "Stocks"
[2300,20,2340,40] "US"
[2540,20,2590,50] "Q"
[2730,20,2990,50] "Fri Apr 14 10:38 AM"
[2080,170,2250,200] "Search markets"
[2380,170,2420,210] "Q"
[2540,170,2680,200] "My Watchlist"
[1150,330,2010,350] "Indices Commodities Cryptocurrencies Currencies ETFs"
[320,390,530,410] "U.S. MARKETS OPEN"
[340,430,450,450] "DOW 30"
[330,460,430,490] "-0.47%"
[450,460,550,490] "-159.34"
[610,460,730,490] "33,870.35"
[810,430,1030,490] "S&P 500 -0.22% -9.23"
[2040,330,2120,350] "News"
[1750,430,1830,450] "GOLD"
[1740,460,1830,490] "-1.58%"
[1110,460,1210,490] "4,136.99"
[1280,420,1460,450] "NASDAQ 100"
[1410,460,1490,490] "-70.90"
[1550,460,1680,490] "13,038.49"
[1280,460,1370,490] "-0.54%"
[2420,420,2550,450] "BTC/USD"
[2410,460,2510,490] "+0.76%"
[2560,460,2690,490] "30,622.58"
[310,570,640,750] "S&P 500 Index , INX 4,137.10» 10:30:55 AM"
[1910,460,2010,490] "2,007.91"
[2080,420,2350,490] "OIL (WTI) +0.55% 82.61"
[1640,580,1840,610] "Add to watchlist"
[660,660,950,710] "-9.12 (-0.22%)"
[290,930,510,960] "Intraday 1w"
[560,920,1010,970] "1m 6m Ytd 1y 3y"
[1060,930,1100,960] "5y"
[1160,930,1220,960] "Max"
[1360,940,1460,970] "Volume"
[2110,820,2270,850] "Snapshot"
[1470,940,1500,960] "V"
[1610,940,1810,970] "Mountain-Chart"
[270,1060,370,1080] "4,400.00 -1"
[270,1140,360,1160] "4,300.00"
[270,1220,350,1240] "4,200.00"
[460,1280,480,1290] "-"
[580,1280,590,1290] "-"
[900,1280,920,1290] "-"
[920,1280,960,1290] "- -"
[970,1280,1040,1290] "- - -"
[270,1300,360,1320] "4,100.00 -"
[270,1380,360,1400] "4,000.00"
[270,1450,360,1480] "3,900.00"
[260,1530,360,1560] "3,800.00 -"
[270,1610,360,1640] "3,700.00 -"
[270,1690,360,1710] "3,600.00 -"
[410,1880,450,1910] "May"
[650,1880,690,1900] "Jul"
[760,1880,810,1910] "Aug"
[890,1880,940,1910] "Sep"
[1020,1880,1180,1900] "Oct Nov"
[1260,1880,1430,1900] "Dec 2023"
[1500,1880,1540,1900] "Feb"
[1600,1880,1650,1900] "Mar"
[1690,1280,1780,1290] "-- - - -"
[1740,1880,1780,1910] "Apr"
[1820,940,1850,970] "V"
[1810,1020,1860,1040] "0.0%"
[1810,1110,1870,1130] "-2.5%"
[1810,1200,1870,1220] "-5.0%"
[1790,1270,1860,1310] "0-7.0% -1.070"
[2100,860,2340,1020] "4,146.22 Prev. Close"
[2340,860,2730,1020] "4,138.99 Open"
[2100,1020,2340,1100] "4,133.38"
[2340,1020,2730,1100] "4,163.19"
[2100,1100,2340,1160] "Day Low"
[2340,1100,2730,1160] "Day High"
[2100,1160,2340,1240] "4,133.71"
[2100,1240,2340,1300] "3,491.58"
[2340,1240,2730,1350] "4,512.94 52 Week High"
[2100,1300,2340,1350] "52 Week Low"
[1810,1380,1870,1400] "-10.0%"
[2420,1380,2570,1410] "4,133.71"
[1810,1460,1880,1480] "-12.5%"
[1810,1550,1880,1570] "-15.0%"
[2100,1510,2300,1550] "10:33 AM"
[2110,1550,2230,1580] "Trade Time"
[2410,1550,2540,1580] "Trade Date"
[2410,1510,2600,1550] "04/14/23"
[1810,1640,1870,1660] "-17.5%"
[1810,1750,1870,1770] "5.00b"
[1810,1800,1870,1820] "2.50b"
[530,1880,570,1900] "Jun"
